G0,G1,G2,G3
E+N,E-N,2EN
B003    1.1067    2.4967   -0.2515    3.0862    0.2137   -0.2223   -0.1600    0.1319   0.4512    0.4511   -0.7599    0.0291
B004	1.5710    2.3816    2.2782    0.2677   -0.1936    0.4153    0.3256   -0.1824   0.0715    0.9669    1.4435    0.0305
B005    1.7136    4.3551    1.4821    2.0321   -1.5461   -0.1863   -0.8390   -1.6436   1.4700    2.0250    1.4338    1.9331
B007    1.9812    2.4160    1.3884    0.8381   -1.5793   -0.5375    1.8513    0.6609   1.9368    1.0638   -0.7579   -0.0264
B009    0.0297    1.9851   -1.1786   -0.4786   -0.2317    0.4993   -0.2794   -0.2929  -0.3739    0.7259    0.2820   -0.0562
B010    0.7661   -0.0899   -0.7726    0.3779    0.3858   -0.0120   -0.4871    0.1169   0.1875    0.2921   -0.2514   -0.1205
B011   -0.6241    1.3916   -0.0575   -0.2513   -0.3975    0.5516    0.0389   -0.2121   0.1192   -0.4827    0.3734    0.2878
B012    3.5018   17.0340   -5.9350   -3.3399   -0.4039    1.9288   -0.3615   -0.6659  -0.5536   -1.3744    0.8032    0.3459
B014   -0.0813    1.5999    0.0721    0.6807    0.3706   -0.4001   -0.1720    0.2124   0.3361    0.5600   -0.4421    0.0700
B017   -0.9342   -0.3413   -1.5737    0.6428    1.3007    0.8490    0.0760   -1.6926  -0.7494    0.2426    0.2034   -0.6932
B018    1.5619    2.0844    2.5420   -0.0448    0.1839   -0.2786   -0.2247    0.1245   0.3831    0.3155    0.1188   -0.0658
B926    0.9141    1.8134    1.0932    0.5486   -0.0252   -0.9019   -0.2407    0.2835   0.6252    0.1453   -0.2859    0.2701
B927    2.1884    0.0168    3.4861    2.5262    0.2146    0.1191    0.5995    0.3229   0.0041    0.1084    0.9487    0.3925
B928    0.5514   -0.0666   -0.9654    0.1936   -0.2317    0.6941   -0.0707   -0.0599  -0.3619    0.8300   -0.1615   -0.1277
B066   -2.5019   -6.6205   -4.8010   -2.4078   -1.1439   -1.5281   -0.5179   -0.6084  -0.2336   -1.9826   -0.7647    0.0703
B065    1.5227    1.7481    0.6754    0.6283    0.3930   -0.2099    0.5403    0.5594   0.7185   -0.0408   -0.6572   -0.0701
B057    0.4933    1.4139    0.7262    0.9117    2.5649    2.0070   -1.3238    0.7983  -0.2636   -1.2378    0.5015    0.3856
B067    0.5549    1.5290    0.9459    0.3442    0.3240    0.6298   -0.2296   -0.2372  -0.4019    0.5294    0.3928   -0.1824
B058    2.6839    4.5816    2.4852    0.5723    1.0982    0.9801   -0.4765   -0.0684   0.4928    2.2101    0.9740   -0.3832
