%------------unconstrained solutions, table 2------------------------------
B003	1.058 2.595 -0.250 3.127 0.212 -0.355 -0.170 0.034 0.420 1.074 -0.676 0.386 
B004	1.248 2.219 2.022 0.068 -0.236 0.452 0.360 -0.209 0.040 0.912 1.421 0.015 
B014	0.040 1.113 0.014 0.636 0.416 -0.621 -0.168 0.176 0.353 0.512 -0.450 0.075
B024	-7.099 -0.699 -7.967 7.008 2.407 0.587 2.410 -2.740 -0.964 -0.119 -0.700 0.786
B027	-1.218 -2.242 -1.039 -1.237 0.679 -0.064 -0.832 -0.270 -0.102 0.698 0.098 -0.159
B028	1.270 2.452 1.226 0.355 -0.067 0.038 -0.667 -0.582 -0.457 0.218 0.362 -0.146
B030	0.317 0.509 0.136 0.372 -0.108 -0.191 0.268 0.247 0.375 -0.126 -0.220 0.084
B031	0.884 -0.454 1.042 -1.574 0.430 -0.344 0.231 -0.068 0.341 0.069 -0.495 0.095 
B032	0.697 2.999 0.334 1.768 0.455 0.153 -0.239 0.275 0.089 -0.116 -0.417 -0.433 
B033	0.470 1.433 0.749 0.844 0.453 0.225 -0.304 -0.013 -0.163 0.714 0.096 -0.162
B035	0.949 0.883 0.658 -0.068 0.097 -0.056 -0.290 0.008 -0.165 0.116 -0.202 -0.192 
B078	1.666 7.587 0.477 5.894 1.404 0.580 -0.604 1.016 1.572 3.261 -0.877 1.895 
B079	2.941 4.421 4.107 1.402 -0.318 0.927 1.048 -0.027 0.145 0.496 1.618 0.746
B081	0.051 1.41$ 0.898 0.723 -0.394 0.344 0.611 0.319 0.030 -0.490 0.265 0.331 
B082	0.338 0.640 0.496 0.265 -0.276 0.266 0.156 -0.212 -0.284 0.085 0.762 0.280 
B084	0.453 0.999 0.654 0.406 -0.149 -0.305 0.359 0.315 0.657 -0.329 -0.396 0.293 
B086	0.738 0.753 0.599 -0.085 0.051 0.292 -0.113 -0.279 -0.291 0.330 0.544 -0.167 
B087	1.297 0.724 1.110 -0.780 0.811 -0.364 -0.388 -0.241 -1.451 0.738 -0.910 0.136 
B088	0.638 1.204 1.381 0.219 0.042 0.386 1.122 0.437 0.349 -0.479 0.706 0.728 
B093	-1.605 0.565 -1.512 2.433 0.306 0.440 0.405 -0.946 -1.101 -0.139 0.834 -0.078 
B201	1.425 3.565 1.669 1.306 -1.731 -1.621 -0.024 -0.775 -0.441 -1.450 -0.207 -0.085 
B202	-7.526 1.352 -9.466 13.265 8.741 -3.109 13.926 -14.913 5.791 -0.931 5.941 -8.543 
B203	0.585 1.872 0.877 0.732 0.519 -0.049 -0.655 -0.134 -0.106 0.729 -0.061 -0.266 
B036	-0.110 -2.054 -0.876 -1.464 0.550 0.426 -0.060 0.596 0.586 0.704 -0.366 0.248 
B039	0.878 1.185 0.693 0.481 -0.127 0.305 0.203 -0.198 -0.231 -0.358 0.421 0.182 
B040	0.223 1.572 -0.072 1.260 -0.228 0.433 -0.030 -0.051 -0.51341 -0.218 0.517 0.008 
B045	-0.957 -1.723 -0.581 0.116 0.158 -0.370 0.000 0.304 0.459 0.131 -0.491 -0.084 
B057	0.728 2.024 0.284 0.891 -0.640 -0.324 0.675 -0.040 0.051 -0.287 0.111 0.156 
B058	2.594 3.477 1.995 0.436 0.855 0.223 -0.808 -0.021 0.641 2.077 0.928 -0.445 
B065	1.167 1.571 0.860 0.651 0.215 -0.266 0.616 0.542 0.756 -0.009 -0.570 -0.003 
B067	0.658 1.180 0.702 0.350 0.370 0.410 -0.347 -0.201 -0.340 0.535 0.369 -0.180 
B073	-0.762 -1.070 -1.169 -0.711 0.482 -0.366 -0.613 -0.032 0.188 0.424 -0.677 -0.470 
B075	-1.904 -1.123 0.480 -0.688 -0.012 1.134 -0.398 -0.748 -1.766 0.757 2.344 -0.785 
B076	-1.427 -1.778 -1.910 -0.586 0.311 -0.447 -0.864 -0.041 -0.143 0.279 -0.877 -0.588 
B206	0.456 1.052 0.689 0.314 -0.632 0.329 0.524 -0.295 0.444 -0.082 0.690 0.792 
B901	-3.869 7.617 -3.335 10.955 -0.279 -0.368 0.481 -0.686 -0.691 0.516 0.097 1.635 
B916	1.246 1.172 0.816 0.022 0.431 0.378 -0.400 -0.234 -0.271 0.441 0.179 -0.305 
B918	0.476 1.143 0.503 1.028 0.180 0.078 -0.615 -0.418 -0.496 0.196 0.131 -0.380 
B918	0.702 1.417 0.546 0.515 0.753 0.604 -0.501 -0.132 -0.113 1.047 0.194 -0.106 
B921	0.841 1.555 0.700 0.333 -0.521 0.362 0.296 -0.220 -0.588 -0.977 0.219 0.171 
B926	0.742 1.320 0.911 0.646 -0.039 -1.010 -0.280 0.235 0.656 0.315 -0.308 0.204 
B934	1.324 0.836 0.297 0.326 0.935 0.308 -0.685 0.003 -0.751 0.187 0.177 -0.208 
B935	0.921 1.100 1.027 0.357 0.395 -0.498 -0.275 0.253 0.329 -0.204 -0.903 -0.093 
B941	0.529 0.947 1.258 0.338 -0.773 -1.108 0.513 0.194 0.679 0.186 -0.173 0.260 
B944	-4.819 0.575 -8.792 8.118 -2.845 0.319 -5.908 3.837 -7.061 1.511 -6.825 10.756 
%------------unconstrained solutions omitting one gauge, table 3---------------------
B004    -1.453 5.383 0     6.488 -0.716 1.015  0 0.934  -1.859 3.137  0 4.529
B057    0   2.050 -0.350  1.628 0  -0.347  1.232 -0.688   0 -0.285  0.066  0.209
B081    0.468  1.328 1.593 0  -0.210  0.306 0.918 0 0.220 -0.529 0.583  0
B201    -0.081  4.131  0   3.536  -1.710 -1.628 0  -0.807  -0.254 -1.521 0  -0.362
B901    0  12.233 2.220 10.803  0   -0.035 0.881 -0.697  0  1.341 1.090  1.608
B031    2.970  3.367  3.315  0   0.519 -0.179  0.329  0  0.215 -0.161 -0.632  0
B036    0.653 -2.003  0  -2.117  0.602  0.430  0   0.551  0.904  0.725 0  -0.024
B045    0  -2.677  0.344 -1.545  0  -0.212  -0.152  0.578  0  0.589 -0.935  0.712
B078    1.291 7.461 0  6.200  1.879 0.739 0  0.628  2.261 3.491 0  1.332
B087    1.649  1.122  0.987  0  0.920 -0.242 -0.426  0  1.512  0.669 -0.888  0
B941    0 1.331  0.949  1.239  0  -1.669  0.965 -1.124  0  0.678 -0.569  1.416








